100006976533711
100006977107317
100006988240155
100006988688670
100006990883195
100006992492956
100006993270188
100006994680236
100006995559361
100006996220889
100006997922290
100007005044449
100007009807735
100007016380953
100007016520012
100007018838700
100007019951094
100007022469139
100007026074519
100007027209241
100007028672031
100007030937349
100007034230810
100007034927398
100007036031924
100007037222214
100007040596469
100007041965953
100007043888059
100007047844112
100007048514636
100007049143572
100007051893140
100007052703250
100007053223445
100007053855290
100007053993945
100007054831626
100007055170039
100007055621765
100007056788292
100007057868369
100007058708294
100007060981362
100007062497458
100007067550404
100007069368413
100007070371230
100007070953413
100007072806830
100007072807556
100007072832870
100007075801142
100007075951914
100007076281166
100007078487180
100007081230079
100007083284667
100007088295634
100007089663594
100007097861349
100007099863612
100007103475155
100007108148132
100007113785540
100007114112358
100007119070864
100007119947856
100007123680267
100007125939901
100007126299756
100007127525013
100007130651211
100007136161901
100007137002236
100007141453191
100007142176963
100007142947377
100007145147752
100007149049355
100007150060879
100007154078553
100007154192519
100007157297719
100007157592173
100007160415883
100007160744728
100007164366740
100007167725002
100007168920428
100007169196005
100007171183504
100007185160035
100007190404734
100007190921833
100007199191072
100007202463434
100007203841454
100007208869140
100007209005238
100007212873147
100007214833887
100007215729932
100007216363232
100007218211556
100007219688248
100007219722964
100007227766889
100007229656132
100007230643477
100007235644278
100007238340586
100007254731561
100007265435997
100007267009123
100007272155943
100007276727309
100007278068365
100007280161117
100007282956150
100007283777410
100007286850445
100007290847768
100007292557132
100007297353632
100007300866693
100007301023889
100007302610456
100007304475803
100007307347958
100007307927878
100007309923303
100007311872045
100007325537327
100007327626612
100007329013121
100007329676298
100007330712177
100007335521774
100007343071602
100007344041435
100007348692480
100007356165823
100007356885811
100007359215935
100007364435170
100007366758106
100007371312729
100007371736314
100007374062493
100007376921663
100007376978405
100007385417031
100007387026255
100007393219349
100007395000770
100007397348716
100007399420172
100007400289334
100007410904858
100007411054275
100007419004204
100007423381271
100007423753587
100007431489317
100007432238713
100007432628696
100007434691378
100007438691464
100007440402593
100007442312476
100007443280945
100007443882731
100007444428421
100007445373414
100007449345440
100007453335825
100007456597005
100007457898309
100007458062309
100007458780560
100007463625931
100007464272931
100007466796124
100007468741227
100007470848335
100007470875070
100007471873070
100007477249035
100007483778774
100007485048657
100007485342970
100007487342671
100007495086561
100007495475393
100007501500383
100007510112990
100007513630579
100007516891101
100007521288590
100007524439173
100007526021259
100007527672604
100007527704832
100007527934241
100007528396226
100007532654347
100007535406106
100007538972767
100007539634747
100007543697492
100007548828001
100007549951704
100007550057154
100007553401759
100007559261025
100007562050103
100007565506964
100007568471536
100007570631668
100007572970200
100007573951172
100007574466292
100007577827664
100007580101456
100007581137665
100007582179484
100007583142270
100007589208327
100007589619200
100007590280221
100007593829429
100007600569989
100007611580943
100007615263806
100007624681992
100007625707666
100007631044316
100007634236130
100007638137747
100007639085106
100007653704366
100007656288904
100007662734572
100007663476231
100007664234224
100007665763068
100007665969044
100007669891152
100007672843456
100007675536907
100007675895899
100007679058027
100007686401975
100007688474498
100007690927985
100007691975731
100007692932796
100007697144607
100007697799749
100007698271946
100007698736090
100007699530548
100007700470623
100007706898271
100007707491611
100007707615767
100007711411779
100007711539634
100007714116952
100007719875208
100007724269478
100007725607250
100007727202549
100007727268813
100007735180003
100007736109997
100007739647468
100007740780144
100007742896779
100007745195249
100007745497552
100007746009996
100007747387349
100007748954470
100007750352336
100007752181345
100007752493713
100007753209886
100007753303976
100007754289974
100007755003112
100007756569876
100007757477562
100007757769456
100007759093564
100007759711682
100007760375110
100007760655370
100007765299226
100007765896285
100007766083114
100007776242217
100007778717448
100007779130993
100007782701262
100007783173041
100007784678815
100007786030008
100007788013958
100007788133172
100007789411679
100007791910973
100007792290741
100007795777915
100007796431286
100007797241293
100007797403791
100007797452291
100007797725049
100007798787369
100007801150970
100007805080828
100007806430666
100007809886166
100007810599526
100007811026781
100007813809427
100007814208563
100007816662129
100007820893454
100007822965652
100007822992530
100007833905527
100007834365261
100007837177542
100007837986554
100007838493250
100007843273624
100007844491669
100007846568565
100007851094367
100007851491485
100007852084340
100007855600715
100007856176356
100007867477186
100007868617069
100007869228644
100007869485463
100007872639957
100007876448934
100007878250146
100007879839826
100007880595314
100007881305598
100007882445848
100007884279707
100007885479140
100007888986010
100007889508416
100007890311199
100007891920714
100007892737042
100007893346389
100007895714785
100007895774807
100007896967230
100007901116122
100007905163864
100007905728101
100007912230330
100007912320512
100007913503542
100007915059845
100007917664047
100007918064720
100007924420806
100007926993116
100007930209278
100007932551505
100007936870678
100007938694263
100007939808032
100007942328640
100007944436037
100007944543471
100007945807816
100007947700532
100007947883010
100007950768909
100007951950508
100007952947567
100007955504288
100007961823472
100007966122803
100007970229977
100007972908218
100007975621894
100007980812352
100007990473738
100007995649076
100007998275473
100008002597309
100008002720034
100008003435637
100008004227274
100008006375195
100008006702553
100008010516238
100008011024740
100008011869119
100008013785560
100008014748495
100008014988567
100008015923225
100008017694409
100008019216026
100008019241220
100008021858876
100008025705777
100008026654045
100008028843031
100008031151000
100008031516940
100008032418598
100008033105602
100008035716466
100008040369397
100008041903545
100008044180986
100008045402018
100008046432051
100008046817977
100008048072443
100008050413357
100008051253622
100008054145184
100008056599087
100008057012599
100008057855401
100008063709257
100008065691375
100008066772765
100008067433054
100008069586104
100008069593107
100008072317899
100008078959255
100008080411688
100008081468914
100008084491655
100008085369203
100008086328882
100008086338229
100008098781532
100008099926395
100008101690484
100008105205137
100008105436782
100008105582734
100008105588556
100008106228632
100008108351811
100008122023803
100008125241527
100008130648236
100008131127869
100008133992105
100008135620481
100008136161207
100008138205154
100008143050279
100008145220996
100008150432189
100008151035881
100008153174723
100008164050093
100008165264368
100008168800067
100008171288730
100008171593923
100008171626430
100008175339913
100008175911216
100008177376192
100008178309826
100008178786218
100008185503420
100008191262677
100008192731356
100008198101847
100008202108663
100008206067871
100008209309169
100008209770772
100008210493785
100008211276536
100008213311441
100008216234755
100008217067826
100008218741515
100008219010695
100008225975717
100008226397240
100008227030053
100008227988103
100008230060129
100008231613786
100008233367769
100008234195779
100008234263586
100008235042324
100008235284017
100008237915947
100008239205946
100008239241428
100008240251775
100008243435699
100008244526930
100008250693008
100008250965368
100008251414822
100008256155491
100008256912018
100008258928402
100008260303834
100008261926707
100008268258187
100008271150068
100008272781905
100008301770313
100008304971747
100008310620351
100008323064664
100008323925890
100008332201413
100008340339429
100008340339955
100008343348283
100008349554469
100008352062280
100008363882064
100008366657690
100008372525464
100008374235413
100008375169263
100008379332205
100008379577898
100008380236325
100008381469457
100008386365004
100008387737588
100008387749023
100008389177300
100008393077059
100008393596814
100008394463586
100008395088621
100008410216042
100008415276003
100008416547953
100008418191516
100008421843738
100008432111672
100008432615279
100008441460601
100008445125066
100008457944575
100008470457887
100008480254069
100008499664333
100008500634819
100008511631210
100008513569040
100008517333115
100008578772793
100008596412506
100008632753092
100008665578515
100008691994395
100008710759431
100008711732816
100008798658072
100008807358816
100008810744889
100008820636532
100008830818407
100008842623190
100008850256026
100008874695811
100008934601230
100008939477510
100008945594790
100008945760768
100008954802608
100008958900741
100008964856096
100008970553906
100009008140563
100009014086772
100009017503426
100009017974437
100009029218996
100009046564243
100009050838633
100009064118517
100009068654339
100009086059782
100009124884394
100009133545205
100009139095578
100009147438997
100009148376507
100009152676460
100009164929786
100009187003319
100009201693960
100009205208713
100009205901433
100009212493964
100009222450450
100009241395040
100009244229295
100009250243538
100009265451946
100009266669248
100009269607913
100009271122934
100009279320686
100009283364057
100009287369524
100009310935377
100009311569437
100009315439160
100009322315638
100009331423008
100009341073234
100009354103856
100009365286115
100009370835699
100009372523847
100009378684194
100009399868103
100009408732377
100009420070995
100009444781742
100009448712340
100009461442114
100009462287236
100009471711175
100009472929051
100009481292312
100009482582091
100009485020618
100009497226253
100009510484310
100009511549189
100009512917893
100009517343351
100009519944418
100009521366918
100009526802054
100009543290064
100009558370504
100009566326891
100009577668824
100009581081727
100009582662271
100009602235349
100009604005624
100009636155030
100009638089999
100009638894006
100009641505058
100009642310211
100009643332062
100009646360987
100009665208997
100009665387080
100009669600461
100009672516478
100009674569999
100009686226158
100009692985671
100009694477920
100009695321746
100009701747399
100009704079185
100009706440305
100009711122909
100009730488346
100009733512900
100009735639775
100009747166546
100009753273552
100009765335600
100009767110415
100009775263230
100009775511326
100009778905288
100009819701642
100009821172371
100009825941975
100009839178269
100009848641340
100009907907364
100009913265465
100009924156749
100009933197359
100009957277682
100009958622579
100009961958552
100009985504215
100009992145629
100009992584794
100010006488526
100010021537250
100010042428369
100010050558893
100010062877767
100010065303800
100010069870346
100010072026967
100010073173591
100010074162186
100010075204806
100010080603237
100010089851013
100010110378091
100010123623837
100010125245546
100010131780875
100010133824467
100010152881352
100010155700758
100010161438659
100010183538564
100010196132578
100010203095007
100010203374675
100010215581511
100010216782551
100010236729943
100010270482751
100010270787758
100010283797981
100010293968601
100010295048955
100010298495735
100010307401966
100010328627832
100010355945356
100010357386203
100010371785833
100010374524409
100010385650714
100010402507071
100010440670049
100010454647112
100010455286983
100010477141357
100010497049338
100010515824041
100010531033975
100010540385279
100010564154598
100010564892094
100010608197784
100010623272424
100010640802553
100010645755155
100010651575915
100010671967186
100010676657351
100010711356906
100010714657901
100010722150298
100010745412236
100010755374839
100010773250082
100010780578417
100010783986849
100010784564284
100010790445632
100010798952265
100010813271183
100010822266705
100010827341010
100010834152273
100010834395308
100010838172661
100010853137599
100010874141082
100010899636648
100011016249187
100011017868180
100011115578342
100011133544767
100011166274068
100011175364908
100011188381422
100011191818572
100011194984505
100011265228327
100011272622827
100011275814697
100011344319215
100011401005303
100011413619886
100011428625378
100011430037780
100011431153215
100011439362345
100011460540949
100011468315326
100011511587741
100011552502636
100011560202537
100011603524269
100011707927267
100011726615616
100011757401152
100011802644899
100012027280455
100012036735162
100012048938586
100012089509774
100012173953815
100012275386268
100012284086802
100012293702149
100012306581813
100012356731027
100012384910786
100012411842547
100012419654660
100012437647481
100012439087081
100012462073864
100012470563284
100012476381405
100012489705570
100012540737066
100012600304483
100012630453826
100012644475631
100012653778563
100012671087413
100012721298048
100012747249673
100012751921940
100012772243365
100012773080240
100012810069003
100012844033191
100012874847903
100012901864296
100012920298661
100012950748836
100012965319058
100013018893496
100013053737584
100013072576616
100013122006225
100013141842438
100013270573633
100013347609730
100013369715982
100013383138542
100013410729651
100013491137642
100013498849051
100013507591681
100013556130854
100013563515820
100013566642088
100013585536143
100013596341384
100013602151314
100013639682147
100013670683817
100013686275466
100013842782319
100014016001111
100014022451463
100014032023185
100014078490942
100014090382729
100014232400878
100014247885565
100014332322337
100014332637660
100014404541056
100014464292684
100014486225297
100014552838590
100014602174306
100014624709401
100014672142734
100014680398426
100014767560184
100014809324754
100014820757699
100014881807417
100014882711371
100014913786262
100014940511869
100015001933445
100015074790726
100015075032705
100015125929137
100015274515904
100015336126556
100015385004382
100015425680889
100015441933434
100015480250524
100015496475369
100015549992775
100015636091416
100015691831411
100015813374421
100015859414457
100015925230204
100016026308690
100016028352394
100016029917976
100016098669603
100016099119785
100016219140174
100016267966748
100016326489371
100016588720952
100016741814687
100016768149814
100016801082187
100016818185309
100016866841631
100016895567919
100016953877529
100016976838808
100017064276591
100017122142330
100017436527109
100017791681741
100017912535287
100018108638956
100018326378505
100018539717110
100018654256526
100018735584332
100019760014081
100019992493691
100020233154113
100021603618645
100021644461393
100021814601464
100021901043318
100021930151824
100021957168788
100021984081653
100022025705471
100022142206646
100022288111498
100022314826049
100022389439432
100022546866846
100022613442703
100022631601858
100022982090479
100023063321782
100023094817051
100023301072534
100023845110925
100024454873356
100024773329298
100024860921770
100024995773479
100025043360656
100025371010154
100025462235657
100025684837083
100025826347269
100026131183007
100026572238547
100026575817511
100026837044590
100026848480219
100027124961755
100027150788711
100027235834055
100027404944037
100027458536067
100027497101001
100027627786113
100027826776668
100027831225003
100027887318430
100027906709513
100028221743929
100028469134519
100028609923132
100029019676223
100029171885350